497,1189,1203,2010,2207
220
270
281,287,292,327,383,388,389,407,444,462,480,489,514,517,552,576,588,619,648,654,684,722,736,761,778,802,864,866,869,920,977,994,999,1037,1072,1095,1134,1146,1155,1169,1288,1317,1337,1351,1366,1367,1380,1414,1416,1425,1446,1467,1471,1562,1699,1704,1858,1859,1964,1970,2005,2025,2037,2080,2136,2197
21,1448,1752,1817,1932,1963,2145,2209
1564,1663,2049,2100
252
243
2298,2305,2373
87,135,1585,1789,1851,1991,2349,2370,2397
159
84
102
2320,2321,2364
46
121,1076,1611,1929,2024,2167
155,976,2169
1343,2179
222,477,950,1577,1597,1811,1837,1857,1921,1988,2246,2267
277,1112,2201
176,990,1006,1449,1474,1481,1520,1774,1888,1916,1918,1920,1948,1968,1995,2097,2150,2159,2283
79,1795,1838,1950,2187,2276
60
273,486,1761
13
189,1532
126,258,1582,1847,2108
535,1152,2054
172,768,1569,1629,1731
209
88,2035
165,1709,2217,2271
212,1392,1623,1651,1665,1793,1871,2178
55
29,282,1533,1617,1646,1667,1803,1805,1946,2022,2113,2229,2279
170
16
139
225
4
38,1522,1887
208
190
224
18,268,2034
28
167
269
140
160
351,1604,1612,1642,1664,1675,2042,2060,2099,2107,2188,2227
424,1489,1609,1615,1619,1762,1783,1827,1941,1992,2051,2161,2224,2289
122
245
179
161
31
1529,1725,1909,1928,2000,2173
24,302,439,557,713,1542,1588,1724,1758,1886,2071,2111,2154
144
880,1901
178,893,2202
19,1499,1535
1314
1550,1579,1682,1685,2247
2296,2312,2380
26,36,1829
216,1791
146
114,1548,1688,1700,1797,1814,1835,1919,1961,1966,2039,2232,2299,2317,2325
86,430,1382,1560,1645,1745,1816,1982,2003,2063,2240,2292
183,1296,1603
23,777,1210,1557,1581,1627,1644,1770,1785,2147,2158,2163,2190
206,1495,1907
852,1606
260
223
98,1211,2123
197,1525,2213
11,1046,1926
164
207,452,1900
319,1772
217
171,367,1705,2164,2278
239
76
198
227
1,27,1691,1716,1737,1856,2140,2255
1958,2220
110
184
237
125
15
42,423,1553,1565,1836
561,1993
47,1444
1469
148,335,1576
521,2181
1259
598
232,288,293,303,318,320,321,356,360,361,373,387,401,421,427,448,450,460,469,475,491,502,507,529,553,558,568,571,573,583,589,601,603,614,615,624,627,637,639,644,664,711,714,726,734,740,741,742,743,754,781,789,790,792,795,801,808,818,827,846,853,862,863,865,870,877,884,886,901,908,922,923,926,944,949,953,973,988,993,1003,1012,1016,1025,1041,1042,1052,1054,1057,1059,1062,1063,1084,1090,1097,1098,1101,1113,1131,1135,1144,1151,1154,1177,1179,1188,1193,1194,1201,1209,1233,1236,1240,1241,1265,1267,1289,1328,1334,1338,1353,1377,1383,1384,1386,1400,1404,1419,1430,1440,1450,1455,1484,1486,1510,1616,1741,1873,2004,2012,2076,2085,2211,2254,2273,2365,2376,2381
156,377,488,837,1036,1192,1228,1418
250,339,393,555,646,1212
596
600
72
236
96
137
325
67,1457,1493,1506
180,294,299,308,354,366,371,372,385,398,472,487,504,508,525,532,605,669,694,695,708,747,783,784,785,804,813,843,851,855,871,902,942,987,1013,1028,1061,1070,1086,1139,1145,1159,1175,1219,1222,1276,1285,1306,1322,1357,1432,1454,1540,1575,1635,1653,1671,1701,1710,1759,1828,1839,1882,1910,1942,1987,2020,2032,2045,2055,2114,2127,2196,2223,2262,2263,2264,2293,2318,2328,2362
194
75,931
166,1715,1739,1744
10,1552,1639,1674,1706,1753,1765,1771,1815,1848,1853,1883,1908,1923,1977,1994,1996,2057,2117,2172,2210,2275,2280,2286,2308,2351,2372
203
254,417,428,563,584,692,875,1226,1300,1381,1592,1608,1672,1683,1690,1717,1945,1954,2126,2130,2261
78
103,105,1730,2348,2359,2377
104,2297,2311,2335
290,313,330,331,334,337,355,365,382,409,410,413,415,416,426,429,435,436,442,443,454,455,456,457,461,464,476,479,492,498,515,518,527,531,538,543,547,562,570,581,594,602,609,617,618,643,645,652,663,667,674,676,680,690,693,700,701,705,709,712,728,750,753,756,757,758,764,774,786,787,796,809,812,814,815,823,830,831,838,840,873,874,888,891,895,900,912,924,933,938,939,946,951,963,964,966,974,978,983,986,1001,1002,1020,1022,1027,1040,1044,1045,1056,1074,1078,1081,1099,1100,1102,1104,1106,1108,1119,1123,1124,1125,1127,1136,1141,1142,1156,1157,1158,1174,1180,1195,1196,1204,1227,1232,1239,1246,1250,1256,1257,1268,1271,1275,1292,1309,1312,1315,1316,1320,1330,1333,1348,1349,1352,1354,1364,1376,1379,1385,1390,1394,1402,1403,1408,1410,1417,1420,1433,1435,1468,1475,1487,1497,1498,1503,1505,1509,1514,1517,1676,1947,2087,2093,2272
133,333,340,353,381,451,474,696,763,775,799,928,948,1039,1183,1224,1270,1398
153,267,336,386,569,593,647,729,803,890,981,1009,1049,1153,1216,1298,1574,1584,1786,1891,1934,2006,2070,2072,2083,2084,2205
61,134
25
39,323,536,1648,1742,1794,1818,1826,1855,1866,1892,1986,2059,2146,2153,2334,2338,2398
253,283,312,326,328,329,344,346,348,359,364,368,374,392,396,402,406,411,418,425,437,441,458,459,481,484,496,503,519,524,541,546,548,550,556,559,566,578,582,586,595,604,606,608,613,616,620,623,628,630,636,640,641,649,653,659,660,686,698,715,717,720,730,733,739,745,752,755,767,769,782,797,807,810,811,819,822,824,829,841,847,854,856,858,860,868,872,881,887,889,913,916,919,921,927,929,932,935,937,952,956,962,971,975,982,991,995,997,1007,1010,1021,1047,1051,1066,1068,1073,1079,1080,1083,1085,1088,1091,1118,1130,1133,1137,1150,1170,1171,1172,1173,1182,1190,1197,1207,1215,1217,1220,1225,1234,1243,1244,1245,1248,1249,1253,1255,1269,1280,1282,1286,1294,1295,1302,1310,1313,1318,1324,1340,1360,1365,1370,1371,1374,1375,1389,1391,1393,1401,1405,1411,1421,1422,1434,1437,1438,1439,1451,1459,1463,1464,1465,1470,1477,1479,1480,1483,1488,1491,1492,1496,1508,1513,1515,1518,1519,1523,1524,1526,1681,1698,1784,1885,2064,2078,2096,2193,2194,2295,2344,2389
238,1107,1625
120
52,408,940,959,1281,2104
101
181
12
7
279
130
1693,1898,2141,2176,2195,2230
1541,1544,2118,2204,2284
1666,1711,1821,1971,2095,2294
3
259
173,400,431,500,572,683,699,719,737,989,1038,1121,1138,1191,1534,1538,1587,1613,1631,1689,1729,1755,1764,1767,1799,1832,1897,1903,1915,1943,1944,1952,1979,2036,2038,2041,2048,2065,2102,2109,2189,2288,2313,2327,2396
1167,1708,1747,1781,1877,1906,1912,1975,2137,2143,2151,2160,2186,2198
163
1618,1720,1768,1792,2052,2089
118,1570,1652,1673,1922,1978,2277,2355,2367,2385
14
107
109,1583,1602,2166,2216,2235,2301,2332,2387
255
145,241,261,482,533,597,685,691,943,1261
57
2086
127,185,218,280,285,286,289,297,298,300,301,305,306,310,311,314,315,316,322,324,338,341,342,345,350,358,362,363,369,370,375,376,378,379,380,390,391,397,399,412,420,422,434,445,446,447,449,466,468,471,473,478,485,494,495,499,506,509,510,511,512,520,522,523,526,530,534,539,540,542,544,545,549,551,560,564,565,575,577,579,585,591,592,607,610,611,612,621,622,625,626,631,634,635,638,642,650,651,656,657,661,662,666,668,671,672,673,675,677,679,681,687,702,703,704,706,721,723,727,731,732,744,748,749,751,760,762,766,771,772,776,779,788,791,793,794,798,805,806,816,821,828,832,833,836,839,842,845,849,857,867,876,883,892,894,896,897,898,904,906,907,909,911,925,934,941,947,954,957,958,960,961,965,967,969,970,972,980,984,985,992,996,998,1000,1008,1011,1015,1018,1019,1023,1024,1026,1030,1032,1043,1048,1053,1064,1067,1069,1075,1077,1087,1089,1092,1093,1096,1103,1109,1114,1116,1117,1120,1128,1132,1143,1148,1160,1161,1163,1164,1165,1166,1178,1181,1185,1186,1187,1198,1205,1206,1208,1213,1218,1230,1231,1238,1242,1252,1258,1262,1263,1266,1274,1278,1283,1284,1287,1290,1291,1297,1301,1303,1304,1307,1308,1311,1319,1323,1325,1326,1327,1329,1331,1332,1335,1341,1342,1346,1347,1350,1355,1358,1359,1362,1363,1368,1372,1373,1387,1395,1397,1399,1406,1407,1412,1415,1423,1424,1426,1427,1428,1429,1431,1436,1443,1445,1453,1456,1482,1485,1500,1502,1511,1512,1516,1521,1738,1804,1965,1980,1989,2043,2069,2125,2239,2250,2337,2366,2383
147,1543,1660,1677,1748,1820,1872,1927,1959,2002,2017,2077,2171
113
182,1777,1844,1895,1983,2021,2132,2174
202
157,1005,1678,1779,2156
1472,1591,1695,1796,1854,1861,2008,2047,2058,2148,2175,2199,2252
1696,1728,2222
187
265
63,1750,1960,2315,2394,2400
85
62
124
68
196
111
132
230,438,470,513,528,710,861,885,1004,1017,1082,1094,1162,1260,1299,1361
490,1147
8,177,1050,1884
1476,1568,1614,1636,1643,1769,1834,1969,1976,1984,2007,2044,2139,2233
151
33
51,414,2326,2388,2401
32
251,629,724,1599,1620,1807,1972,1985,2011,2068,2074,2119,2152,2245,2304,2340,2369
403,501,1115,1200,1221,1273,1277
9,49,175,284,291,295,296,304,317,332,343,347,357,384,394,404,405,419,433,440,453,465,467,483,516,537,567,590,632,633,655,658,665,678,689,697,707,716,718,725,735,738,765,770,773,817,825,834,848,850,859,878,882,899,910,914,917,918,930,945,955,1029,1031,1034,1055,1065,1071,1105,1110,1122,1126,1129,1149,1176,1202,1214,1223,1237,1247,1251,1254,1305,1336,1345,1356,1369,1378,1396,1409,1452,1458,1478,1528,1554,1656,1657,1840,1868,1879,1936,1973,2009,2094,2281
64
106,587
1546,1590,1647,1684,1743,2090,2122,2200,2214,2257,2266,2319,2368,2382
1558,1586,1595,1649,1661,1680,1735,1780,1819,1822,1841,2082,2091,2183,2314,2352,2374
54
1721,1733,1863,1904,1951
5
59
81,1473,1530,1537,1712,1732,1875,2046,2061,2115,2238,2244,2258,2287
1600,1726,1778,1880
263
131
35,1658,2356,2384,2399
123
235
108,1490,1687,1740,1825,1930,1949,2040,2112,2128,2135,2225,2269
41
136
83
94
91
1567,1638,1679,1703,2019,2053,2106,2248
463,968,1272,1501,1507,1527,1572,1573,1637,1736,1754,1881,1890,1893,1899,2092,2270
979,1035,1235,1531,1596,1718,1776,1849,1902,1962,1967,2066,2101,2249,2268
50,1610,1633,1833,1874,1913,1955,2079,2157,2162,2212,2251,2256,2291,2306,2331,2360
1655,1670,1702,1719
820,1763,1860,1925,1938,2192,2241
0
275,307,599,1140,1727,1802,1869,1956,2180,2203
242
138
688,905,1578,1593,1757,1865,1924,1981,2015,2018,2029,2133,2259
493,1555,1594,1598,1601,1641,1809,1812,1939,1997,1998,2033
116,1494,1536,1622,1782,1813,1940,1974,2028,2062,2129
77
45,100
34,1111,1551,1559,1571,1801,1845,1878,1917,2001,2116,2228
22,214,2303,2307,2329
43,554,574,1229,1279,1545,1549,1760,2208,2236
1388,2333,2350,2354
74,1462,1605,1621,1628,1662,1694,1800,1842,1852,1905,2016,2067
65,844,1447,1607,1632,1634,1746,1749,1773,1823,1933,2131,2182,2185,2218,2226
195,233,1806
432,580,1199,1293
213
30
90,99
210,2300,2330,2378
73
162
1734,1775,1824,2073,2103
879
66
149
229
215
246
234
274,1466,2110
93
2316,2345,2346
169
188,249,1650,2026
186
129
278
95
89
143
248
240
191,682,1810
349,2088
759,780
142,154,2342,2375,2392
58
201
48,1697
1014,1640,1659,1790,1846,2030,2105,2120,2121,2124,2221,2243,2339,2358,2395
17,228
231
40
71,244
193,352,835,1539,1566,1589,1788,1850,1914
152,505,670,746,800,903,915,936,1033,1058,1168,1264,1321,1442,1460,1461,1504,1556,1561,1669,1722,1787,1798,1808,1830,1870,1876,1889,1894,1931,2027,2081,2237
221,2322,2341,2391
1668,1751,1864,1896,1957,1999,2023,2050,2142,2168,2265,2282,2324,2353,2393
44
257
80,141,1441,2323,2343,2363
92,211,2309,2347,2379
168
128
1624,1766,1937,1990,2013,2138,2155,2165,2177,2234,2274
117
205
97
272
82
158,264,309,826,1060,1184,1339,1413
70,204
37,115,1756,1935,2056,2149,2191,2260
174
199,2031,2310,2361,2402
2,271,1692,1867,2134,2206,2215,2219
6,247
56,226
112
20,53
192,1580,1654,1686,1713,1723,1831,1862,1911,1953,2014,2075,2098,2144,2170,2184,2231,2242,2253,2285,2290,2336,2357,2371
1714
219
119
262,2302,2386,2390
266
200
150,1630,1843
1626
256,395,1547
69,276,1344,1563,1707